"subject","question_topic","question","answer","rows","answer_type","place_holder","error_message","image_url","reference_url","reference_time","reference_url2","reference_time2","reference_url3","reference_time3"
"JS_Types_and_Syntax","Parameters vs Arguments","What is the difference between parameters and arguments in a JS function?","Parameters is how we call them in the function definition and they have no value, arguments is when we use them in the function invoking and they have a value.",3,"text-type",,"__________ is how we call them in the function definition and they have no value, _________ is when we use them in the function invoking and they have a value.",,,,,,,